76
76
76
128
128
128
64
64
64
84
84
84
4
4
4
67
67
67
44
44
44
245
245
245
235
235
235
184
184
184
6
6
6
86
86
86
33
33
33
184
184
184
186
186
186
59
59
59
171
171
171
113
113
113
172
172
172
180
180
180
108
108
108
3
3
3
207
207
207
178
178
178
168
168
168
297
420
384
365
409
270
398
309
349
331
471
464
351
499
339
424
415
493
445
460
315
497
338
325
391
686
686
686
746
746
746
716
716
716
684
684
684
648
648
648
660
660
660
585
585
585
715
715
715
611
611
611
545
545
545
689
689
689
547
547
547
601
601
601
603
603
603
610
610
610
715
715
715
749
749
749
530
530
530
683
683
683
535
535
535
513
513
513
708
708
708
663
663
663
635
635
635
646
646
646
963
963
963
781
781
781
841
841
841
825
825
825
783
783
783
950
950
950
887
887
887
992
992
992
788
788
788
854
854
854
881
881
881
812
812
812
899
899
899
949
949
949
981
981
981
815
815
815
839
839
839
961
961
961
827
827
827
817
817
817
895
895
895
764
764
764
958
958
958
957
957
957
843
843
843