This/Is/Some/Path
256 16 3
0 0 1.0
1 1 2.0
2 2 1.0
3 3 2.0
4 4 1.0
5 5 2.0
6 6 1.0
7 7 2.0
8 8 1.0
9 9 2.0
10 10 1.0
11 11 2.0
12 12 1.0
13 13 2.0
14 14 1.0
15 15 2.0
16 0 1.0
17 1 2.0
18 2 1.0
19 3 2.0
20 4 1.0
21 5 2.0
22 6 1.0
23 7 2.0
24 8 1.0
25 9 2.0
26 10 1.0
27 11 2.0
28 12 1.0
29 13 2.0
30 14 1.0
31 15 2.0
32 0 1.0
33 1 2.0
34 2 1.0
35 3 2.0
36 4 1.0
37 5 2.0
38 6 1.0
39 7 2.0
40 8 1.0
41 9 2.0
42 10 1.0
43 11 2.0
44 12 1.0
45 13 2.0
46 14 1.0
47 15 2.0
48 0 1.0
49 1 2.0
50 2 1.0
51 3 2.0
52 4 1.0
53 5 2.0
54 6 1.0
55 7 2.0
56 8 1.0
57 9 2.0
58 10 1.0
59 11 2.0
60 12 1.0
61 13 2.0
62 14 1.0
63 15 2.0
64 0 1.0
65 1 2.0
66 2 1.0
67 3 2.0
68 4 1.0
69 5 2.0
70 6 1.0
71 7 2.0
72 8 1.0
73 9 2.0
74 10 1.0
75 11 2.0
76 12 1.0
77 13 2.0
78 14 1.0
79 15 2.0
80 0 1.0
81 1 2.0
82 2 1.0
83 3 2.0
84 4 1.0
85 5 2.0
86 6 1.0
87 7 2.0
88 8 1.0
89 9 2.0
90 10 1.0
91 11 2.0
92 12 1.0
93 13 2.0
94 14 1.0
95 15 2.0
96 0 1.0
97 1 2.0
98 2 1.0
99 3 2.0
100 4 1.0
101 5 2.0
102 6 1.0
103 7 2.0
104 8 1.0
105 9 2.0
106 10 1.0
107 11 2.0
108 12 1.0
109 13 2.0
110 14 1.0
111 15 2.0
112 0 1.0
113 1 2.0
114 2 1.0
115 3 2.0
116 4 1.0
117 5 2.0
118 6 1.0
119 7 2.0
120 8 1.0
121 9 2.0
122 10 1.0
123 11 2.0
124 12 1.0
125 13 2.0
126 14 1.0
127 15 2.0
128 0 1.0
129 1 2.0
130 2 1.0
131 3 2.0
132 4 1.0
133 5 2.0
134 6 1.0
135 7 2.0
136 8 1.0
137 9 2.0
138 10 1.0
139 11 2.0
140 12 1.0
141 13 2.0
142 14 1.0
143 15 2.0
144 0 1.0
145 1 2.0
146 2 1.0
147 3 2.0
148 4 1.0
149 5 2.0
150 6 1.0
151 7 2.0
152 8 1.0
153 9 2.0
154 10 1.0
155 11 2.0
156 12 1.0
157 13 2.0
158 14 1.0
159 15 2.0
160 0 1.0
161 1 2.0
162 2 1.0
163 3 2.0
164 4 1.0
165 5 2.0
166 6 1.0
167 7 2.0
168 8 1.0
169 9 2.0
170 10 1.0
171 11 2.0
172 12 1.0
173 13 2.0
174 14 1.0
175 15 2.0
176 0 1.0
177 1 2.0
178 2 1.0
179 3 2.0
180 4 1.0
181 5 2.0
182 6 1.0
183 7 2.0
184 8 1.0
185 9 2.0
186 10 1.0
187 11 2.0
188 12 1.0
189 13 2.0
190 14 1.0
191 15 2.0
192 0 1.0
193 1 2.0
194 2 1.0
195 3 2.0
196 4 1.0
197 5 2.0
198 6 1.0
199 7 2.0
200 8 1.0
201 9 2.0
202 10 1.0
203 11 2.0
204 12 1.0
205 13 2.0
206 14 1.0
207 15 2.0
208 0 1.0
209 1 2.0
210 2 1.0
211 3 2.0
212 4 1.0
213 5 2.0
214 6 1.0
215 7 2.0
216 8 1.0
217 9 2.0
218 10 1.0
219 11 2.0
220 12 1.0
221 13 2.0
222 14 1.0
223 15 2.0
224 0 1.0
225 1 2.0
226 2 1.0
227 3 2.0
228 4 1.0
229 5 2.0
230 6 1.0
231 7 2.0
232 8 1.0
233 9 2.0
234 10 1.0
235 11 2.0
236 12 1.0
237 13 2.0
238 14 1.0
239 15 2.0
240 0 1.0
241 1 2.0
242 2 1.0
243 3 2.0
244 4 1.0
245 5 2.0
246 6 1.0
247 7 2.0
248 8 1.0
249 9 2.0
250 10 1.0
251 11 2.0
252 12 1.0
253 13 2.0
254 14 1.0
255 15 2.0
